VFUNC   1604                                                                   
7042    1499    7248    2642    7396    3932    13008   7369                   
VFUNC   2004                                                                   
6898    1500    7132    1589    7396    3611    7648    4271                   
9044    6382    13008   7834                                                   
VFUNC   2404                                                                   
6898    1500    6972    1839    7150    2330    7396    3384                   
8948    6276    13050   7723                                                   
VFUNC   2804                                                                   
6840    1500    7168    2215    7576    2791    8980    6581                   
13008   7782                                                                   
VFUNC   3204                                                                   
6204    1500    6468    1548    6704    1788    7072    1968                   
7530    2305    8994    6488    13002   7791                                   
VFUNC   3604                                                                   
5908    1500    6224    1539    6496    2706    9130    5011                   
13140   7727                                                                   
VFUNC   4004                                                                   
5368    1500    5826    1658    6436    2449    6992    3385                   
9008    5308    12970   7837                                                   
VFUNC   4404                                                                   
5410    1492    5576    1741    6450    2228    6940    2655                   
8992    5434    13012   7793